<?xml version="1.0"?>
<opencv_storage>
<calibration_Time>"10/14/13 08:53:00"</calibration_Time>
<nrOfFrames>25</nrOfFrames>
<image_Width>320</image_Width>
<image_Height>240</image_Height>
<board_Width>9</board_Width>
<board_Height>6</board_Height>
<square_Size>26.</square_Size>
<FixAspectRatio>1.</FixAspectRatio>
<!-- flags:  +fix_aspectRatio +fix_principal_point +zero_tangent_dist -->
<flagValue>14</flagValue>
<Camera_Matrix type_id="opencv-matrix">
  <rows>3</rows>
  <cols>3</cols>
  <dt>d</dt>
  <data>
    2.2053635702266519e+002 0. 1.5950000000000000e+002 0.
    2.2053635702266519e+002 1.1950000000000000e+002 0. 0. 1.</data></Camera_Matrix>
<Distortion_Coefficients type_id="opencv-matrix">
  <rows>5</rows>
  <cols>1</cols>
  <dt>d</dt>
  <data>
    2.1420183214303831e-002 3.1579358023298149e-001 0. 0.
    -7.3764695505733180e-001</data></Distortion_Coefficients>
<Avg_Reprojection_Error>3.6468974258524209e+000</Avg_Reprojection_Error>
<Per_View_Reprojection_Errors type_id="opencv-matrix">
  <rows>25</rows>
  <cols>1</cols>
  <dt>f</dt>
  <data>
    7.26166153e+000 7.01678228e+000 6.10610914e+000 6.45753860e+000
    5.96483898e+000 4.87155867e+000 3.73530674e+000 1.85754335e+000
    2.14283562e+000 2.34579849e+000 1.65841472e+000 5.52286863e+000
    3.00569487e+000 1.68090701e+000 1.41972053e+000 1.76737547e+000
    2.57736897e+000 2.13668823e+000 1.45091105e+000 7.16046453e-001
    4.87316757e-001 4.18165833e-001 2.79495001e-001 2.70580769e-001
    3.08545679e-001</data></Per_View_Reprojection_Errors>
<!-- a set of 6-tuples (rotation vector + translation vector) for each view -->
<Extrinsic_Parameters type_id="opencv-matrix">
  <rows>25</rows>
  <cols>6</cols>
  <dt>d</dt>
  <data>
    6.0522031752734795e-001 3.3149092615833659e-001
    3.0142634436908620e+000 9.8667959316027265e+001
    4.4144033143894738e+001 3.9491072323293736e+002
    6.0434267532289387e-001 1.6508969351735586e-001
    3.0157442414962068e+000 1.0497513328189831e+002
    4.9699190267808696e+001 4.0375664650548117e+002
    5.3978839136069534e-001 6.4727619148376700e-002
    2.9859500713790004e+000 1.0696102186382046e+002
    4.8499784493890843e+001 4.0748715701907452e+002
    5.5525935980282348e-001 -7.5588315294173897e-002
    2.7804953351940056e+000 1.0071605003035215e+002
    5.6121855728685425e+001 4.1844645988719071e+002
    5.1083034196051147e-001 -2.2152822067808581e-001
    2.7525801017288938e+000 9.4023884865168100e+001
    7.2041406505016994e+001 4.0066646911882248e+002
    5.8063937852687963e-001 -2.4237313049146963e-001
    2.6991581647675003e+000 8.8759592954911668e+001
    7.0792065977269587e+001 3.7972839007076823e+002
    5.6550115673474655e-001 -9.2477198542819106e-002
    2.6772468728969603e+000 7.0792189572311628e+001
    5.4424705606908482e+001 3.4499395551938062e+002
    4.5410845519170251e-001 5.4126763036067024e-004
    2.7203492846811583e+000 4.7586049673314569e+001
    3.7074565728911082e+001 3.0343070453128456e+002
    4.7154363862447007e-001 -2.9241712107326737e-002
    2.7066459913930414e+000 2.1809604602919045e+001
    4.1410844915943315e+001 2.8734488596330266e+002
    4.4388601695083457e-001 6.6013508598857643e-002
    2.7157902097171087e+000 2.6026253966847124e+000
    5.8423065013930767e+001 2.9698189022566282e+002
    1.3756117943124604e-001 -4.3144588850397743e-002
    3.0036070338342724e+000 2.2340724190643968e+000
    9.2773060482445601e+001 4.0611970348399007e+002
    6.9328282689576348e-001 -3.9920593210605154e-001
    -2.9756614754981507e+000 2.4777423916358455e+001
    1.2019879322300159e+002 4.6774936660111177e+002
    3.5909138783371836e-001 -6.9566336808552898e-002
    -3.0553664240167016e+000 2.2311116934569714e+001
    1.1793166733351612e+002 4.3820235381338085e+002
    1.7274804075232444e-001 -1.9943715819304160e-002
    -3.0987876705255921e+000 1.3033696333500203e+002
    1.2737665790552064e+002 3.9639955966970746e+002
    2.8876368493134869e-001 -6.4162741759845821e-002
    -3.1011117638577907e+000 1.9191882268479512e+002
    1.3578811259712981e+002 3.9287453823165305e+002
    3.4466852070583737e-001 1.1061485623084512e-002
    -3.0974045653651925e+000 2.0788884222354716e+002
    1.2719028209322140e+002 3.9615759737836765e+002
    3.7198074503254852e-001 -5.9219693209959533e-002
    -3.0325455072750693e+000 2.0482087746090613e+002
    3.5425199643981337e+001 3.9446278818837982e+002
    3.0616950547072097e-001 -7.5504279433318666e-002
    -3.0038503957936165e+000 2.0299962260542722e+002
    1.2512506356617381e+001 3.8246845659077314e+002
    3.4241547284591600e-001 -5.2490148302018827e-002
    -2.9967756363568339e+000 2.0283052158921731e+002
    -1.0268643797068640e+001 3.8269096504030398e+002
    2.7021973482432204e-001 2.1667770463162709e-002
    -3.0609829634534491e+000 1.3680848152845923e+002
    2.8209934536713927e+001 3.8994102560121109e+002
    1.8759677219165113e-001 2.5027736610473559e-002
    -3.0949187821025661e+000 8.7032236840593768e+001
    5.1552702804079978e+001 3.8327686820791382e+002
    1.1158978352052759e-001 2.6451841463603420e-002
    -3.1211350896878325e+000 7.2787810693142461e+001
    7.1092899723225528e+001 3.6178279540524056e+002
    6.0522934901143348e-002 5.7031632203825802e-002
    -3.1278285383246147e+000 5.4284559470218291e+001
    8.7649554971709577e+001 3.4614329342474997e+002
    -1.6486563215953019e-002 -8.1654878147117846e-002
    3.1189265059754434e+000 3.8081774699275478e+001
    1.2305076440597512e+002 3.5457587364365423e+002
    -2.6845008400761726e-002 -9.7704836102448081e-002
    3.1040946534426799e+000 3.0864211291324899e+001
    1.4286257716107798e+002 3.6305952950812679e+002</data></Extrinsic_Parameters>
